892
1039
1036
1284
1077
1310
1327
1321
1329
1473
1331
1433
1392
1405
1352
1480
1514
1503
1547
1508
74
221
220
172
7
268
886
1592
1953
1089
416
1170
1155
1261
1178
10812
10406
99
10811
394
947
375
229
409
422
902
397
1769
878
1589
1741
365
205
248
256
270
326
177
445
440
92
11750
2049
6317
11742
8966
8807
8708
6743
11322
11001
469
11574
885
1000
1083
1135
1044
1187
982
1210
2006
1068
1154
1977
1244
1249
1287
1326
1513
1464
1413
1300
1290
1543
1517
1509
1556
1560
2047
148
10755
904
11741
12368
14557
11259
10747
10909
14431
7098
11828
19627
20139
21075
19819
1468
20171
1227
19646
19662
20166
17678
19598
19602
84
96
119
37
130
19681
70
17694
207
187
168
322
351
11171
1220
355
378
373
360
412
393
379
429
1656
2042
151
2149
2155
2024
7055
250
430
7039
2032
8194
128
8812
2068
8967
8956
8105
9920
9929
8168
10531
10516
903
10695
921
8802
1024
7222
7181
1038
1042
1048
1074
1087
1029
1028
1095
1103
1142
79
2012
1181
1211
1205
1931
1218
1239
1145
1245
1252
1256
1269
1277
1964
993
1320
1955
1369
1351
1156
1371
1376
1453
968
1515
1492
1484
1531
1567
920
1984
19647
20164
20195
21540
1242
67
59
95
113
1474
18173
78
3
182
164
20961
189
227
212
301
308
138
235
333
415
421
331
317
458
448
425
2019
2025
2053
197
2063
480
2091
2060
487
7049
118
8781
8686
7144
7093
2075
8992
10393
10537
1291
1393
8851
8962
8718
1571
14603
49
1462
8741
63
224
154
72
358
8810
8850
1815
12378
10946
11521
11582
1744
883
1251
1111
1294
1265
1521
1335
1223
1576
11946
19826
11535
11626
20441
11531
11645
1969
1168
20060
1549
1356
12337
11942
247
19788
479
473
6208
2026
8724
7150
8824
11811
10724
8922
11145
10758
11392
11130
11
10606
10611
10824
1006
14031
11194
10967
11247
11332
8780
11435
12268
11688
11543
14484
14081
14741
11172
13074
11161
17728
20036
19663
19581
926
870
875
6666
11685
882
1743
17684
955
20064
898
959
1019
1010
1067
1047
964
1132
1186
1090
1996
1208
1098
1273
1283
1367
1355
1318
1420
1412
1490
880
1501
1397
1537
1594
1596
1597
1536
11206
1985
17723
6205
11121
11244
13660
7041
9903
8774
7220
11389
1454
19587
14612
14671
14266
20
19546
6303
60
93
7473
120
19659
19701
413
109
484
6907
8744
2126
8951
8813
61
426
11146
175
10760
10795
11830
64
17718
14482
14313
11321
14613
11869
10612
1131
1152
10610
958
889
1190
1174
1593
10674
319
12370
2064
938
949
7103
19773
300
1018
966
1497
410
21749
1749
1162
1173
1950
1959
1129
1078
1305
1770
2008
12326
19754
43
51
184
1094
269
2054
297
237
390
1579
2141
486
6861
1023
7186
8193
8714
8919
10589
10654
10673
10868
11135
1233
11234
11356
11571
11640
11177
7050
14284
21657
10620
10963
11131
11195
11395
1073
14692
12325
11624
1085
6611
17755
890
1071
340
909
278
1139
1230
14142
1771
17756
1238
1340
1386
1522
1973
10704
1554
8761
1994
10407
8856
12250
1136
12252
1001
20167
13943
2138
12338
9
10560
30379
19624
62
102
110
208
329
433
54
2144
20083
19625
2150
5991
456
6735
21
7350
21314
6275
7622
8200
7124
1250
6320
10640
6256
8955
10653
10657
10679
8806
9924
1932
8893
11221
11220
10807
11252
11549
11789
11007
10919
10896
13689
14029
14048
14147
12332
12375
20386
17744
10942
19679
11534
11216
14535
21411
2017
12529
1816
8737
1297
381
81
10817
7094
1215
8993
2020
467
10676
11170
8937
11863
11210
11402
10990
12453
14258
11547
19746
10740
11655
11796
11760
11820
14289
19578
17738
14604
897
962
974
14250
1122
1099
1164
1201
1334
1240
1237
1140
1360
1402
1387
1416
1399
1432
1415
1398
1477
1481
1488
1493
1516
1523
1526
1441
1530
1529
1456
1557
1540
1776
19787
1561
980
1591
1598
1535
1558
11325
11790
11597
1550
19687
1565
11408
14145
26
1426
20143
52
82
1559
88
24
91
11788
162
85
183
180
116
89
279
1654
328
225
249
366
414
400
395
478
19750
8994
103
8753
2065
10968
10741
11126
11192
11594
10989
311
14693
271
8778
10621
985
911
1046
988
1172
1057
1970
1213
1336
1332
11602
1394
10398
14316
14076
10721
11814
19831
41
1552
19584
71
202
289
353
16
324
465
450
2076
475
11766
6673
6650
2142
7201
6904
8771
377
6780
11390
10930
8043
1295
10898
896
1466
19558
65
8884
1114
12298
2082
10614
10602
10814
11008
11579
11554
11867
11905
10683
345
11907
14047
14177
11917
14330
1438
12366
20042
20397
14609
20786
14242
1045
1076
1080
8960
1127
1150
1189
1755
977
1216
11745
1971
1214
1144
1253
1773
1378
1414
1417
1471
952
2085
1588
1262
11548
1766
1302
8882
7233
97
50
19899
7624
203
12313
232
195
264
180
314
348
218
392
304
310
6744
7122
11703
8190
8167
8687
455
457
8803
8743
8198
8923
10565
10717
10846
11002
11179
11351
368
11728
12311
10845
10687
999
10849
1102
1138
1146
2003
1324
8707
1354
1422
1461
20192
11539
10681
10842
11631
1341
998
185
196
242
254
260
2045
9001
262
930
1016
1128
1108
1088
1248
8894
1288
1021
1768
10737
1575
2070
11513
11536
11530
10745
10222
10735
75
19816
14182
347
1263
2072
252
7118
7182
1165
8700
7208
8791
178
8904
8817
10590
10392
10750
10675
11152
8701
11339
11225
11512
11510
12336
14051
10600
10603
10617
10711
10731
10815
10889
11601
11262
11278
11345
11443
11720
10761
20106
910
11238
995
1060
1124
1159
944
14515
1278
1496
1298
1209
101
354
359
6674
2007
6544
6730
1202
2043
8920
10630
11629
461
11379
1390
11441
10672
11949
10607
983
961
11246
1995
11400
1017
913
989
1193
1195
370
1199
1751
1009
1357
1758
963
1234
1772
1495
2079
2004
1443
1417
19770
6046
10844
11603
6755
6602
14803
8783
1428
152
169
287
325
438
1182
1424
32
462
17742
7202
1020
1666
1115
1081
1121
914
1015
1304
1400
1204
441
8815
1573
1587
1440
1566
17775
17
129
226
1117
338
20147
1572
376
403
404
466
435
8839
10536
1754
280
8826
10702
11324
2016
476
11371
11386
10878
418
11595
11641
11921
12367
8723
11243
11684
14042
14670
11333
11411
19589
17752
20932
11562
12516
14853
19678
11421
11756
8199
979
11843
11109
1119
1317
7056
19664
1544
19705
8773
17751
239
957
965
876
1022
996
881
2031
1101
1056
1123
1761
1197
1270
1767
1289
1485
1254
1225
1582
1511
7137
20155
1980
12388
217
83
1280
274
273
1487
281
2061
323
7142
401
407
437
10701
7102
463
10669
7223
6680
454
10762
11128
230
11540
11559
10995
21658
14546
874
1110
1574
11270
313
19564
19820
19719
144
12299
1657
190
12318
14141
10781
11414
11520
11572
11607
11625
11646
12306
14391
14436
11240
11699
11555
900
20015
931
8785
1025
19650
1063
1167
925
1956
1271
1243
10890
1323
1406
1482
1512
19588
1282
1307
1027
188
292
156
166
380
382
19666
363
971
14802
11191
10633
483
20484
388
22821
35318
36239
341
47175
36967
38963
47898
12492
68183
48636
20172
37713
48630
22984
48635
48939
49798
49801
50023
49531
56732
37253
49527
37256
50022
37710
65750
40353
71228
36968
53542
28921
35324
40354
49796
35308
48180
22725
49795
50031
23004
37271
50020
68184
58069
28500
35644
305
53501
37270
68584
35352
22618
35339
50010
58397
55584
47173
49818
58394
58819
48960
71613
54909
49808
61863
1958
49814
1030
1219
2059
1180
1285
1548
36577
11791
11558
21678
19672
1585
1272
44
58644
434
8725
8958
10652
10677
10719
10720
8999
10789
10847
11153
10567
19691
11560
11726
11740
12498
14049
14071
428
8201
14116
14320
20896
10888
11344
11936
19688
12259
17685
12369
12309
19556
12528
10736
20760
19582
20052
888
929
1059
17737
21074
1339
1343
1460
1527
1533
19724
11303
1264
12442
10725
14831
69
106
198
13934
11761
238
371
8786
336
28760
1175
7824
10551
12356
12311
19577
17721
8747
953
11932
11409
6651
10626
11297
20051
20370
932
8930
978
916
919
987
1054
1745
992
1053
1093
1096
1100
1116
1130
1125
973
1134
1141
1151
1748
1169
1179
1224
14437
1325
1342
1425
1200
1221
1449
11518
11757
11569
10779
1975
20665
14214
19707
111
123
145
163
215
222
236
253
265
272
1545
1118
299
13903
1306
361
357
14524
481
2089
6060
6195
2033
6545
6995
283
398
7101
7038
477
7187
307
8767
8685
8044
6274
8816
8790
2048
8827
8952
8903
8892
8959
10680
10738
7015
10670
10819
10848
10869
10911
10939
10940
10957
11127
10786
10785
11168
11125
893
10959
6204
8968
908
918
923
935
894
991
994
1004
1005
11148
954
972
1050
1064
936
1069
1086
1137
1065
1746
1820
1184
1049
11795
1192
1014
1255
1236
1035
1177
1279
1328
1954
1231
1344
11154
1362
1347
1388
7351
1370
1368
1427
1389
1313
1435
1448
1451
1380
1476
1322
1436
1494
1401
1525
1510
1446
6665
2
4
1590
1562
15541
27
29
34
13
38
8
10
39
40
1470
104
107
1419
47
42
5
36
137
134
126
117
114
1276
171
108
209
219
140
157
77
240
259
200
231
879
206
887
1740
866
950
1109
1171
1349
1409
1518
884
10645
244
241
7113
8703
7706
1539
1532
8792
19609
11261
19610
12458
7245
12474
10780
10522
6683
199
7143
11143
8713
8788
7225
87
20659
7072
255
161
291
11941
321
1
21630
327
7707
11347
14178
20378
277
11190
6090
1486
20157
19611
20453
19720
20163
303
20144
165
20124
1241
17741
19621
19749
20141
20447
21377
20483
20417
21681
1600
1601
1602
1603
1604
1605
1606
20189
1608
20410
1610
1611
1612
1615
1616
1617
1613
1619
1620
1621
1622
1618
1624
1623
1626
1614
1628
1609
1625
1631
20482
1627
1630
1003
1635
1607
1637
1636
1639
1640
1641
1642
13188
1647
1629
1649
1643
1632
1652
1648
17374
112
1638
19999
1650
1651
20569
20865
873
905
1041
20741
1345
1353
1363
1439
1595
1634
216
891
915
917
941
1644
1091
18390
1026
969
1107
1143
946
1752
1106
20750
1764
20448
1226
1311
1760
1246
1756
1957
1257
1774
1274
1268
1281
1296
1359
1382
1385
1421
1431
1437
1459
1467
1478
1507
1974
1479
1546
1551
1976
11552
14136
20445
19
1308
19782
1500
55
53
105
58
147
155
30
33
19828
179
159
1315
1765
372
1658
1153
442
444
132
470
464
28759
485
2051
6318
6319
6675
6906
6052
2071
6997
7014
343
7123
8166
8187
8197
8715
8736
8186
8185
8742
8772
20801
8748
21033
8770
8912
927
948
975
1007
276
1092
1058
1212
1198
1584
1319
11187
14146
8908
8911
1112
7016
20009
17736
2146
7040
8189
2021
2073
8926
20429
251
10742
10696
11765
10912
10999
11323
11353
11391
1196
11683
11268
10552
11615
9913
2087
12451
14449
20044
19656
13959
12277
10548
1002
984
924
1013
1031
1033
14183
1062
11269
12450
1163
1217
1762
1258
1275
1157
10604
1034
1407
1372
11714
1519
1978
1292
1309
1411
1166
1750
20465
20126
18
45
48
56
20196
136
223
243
288
290
296
350
362
12293
2148
2067
6196
2154
14096
6731
6207
6206
7074
1450
7247
7402
86
7083
7403
7519
7146
8191
8754
7207
8738
8750
8784
8838
8862
8927
9930
10545
10546
10802
10879
11000
11016
10880
11169
7825
17760
11193
11232
11357
8762
11254
11355
11739
11147
12430
12432
13924
13944
12312
20787
19579
10613
21656
13917
10682
17473
2115
939
942
951
956
1742
1061
1126
1194
11385
2002
1951
1235
1232
10928
1286
1348
1429
11812
1472
1483
1379
1563
1498
1350
1564
1586
1569
1568
1777
1963
1447
2011
877
35
1158
139
143
7028
25
19899
131
192
193
284
2088
318
286
396
258
970
453
11890
20789
489
2116
443
334
11241
482
460
872
907
408
384
945
981
14583
934
1012
1040
997
1203
1759
1147
1176
20028
1316
1247
1120
1330
1229
1763
1381
1365
1418
1008
1445
1444
1962
1463
11864
11713
2010
2074
12321
1358
11561
922
1403
19756
389
19605
1391
23
28
7232
19562
20007
19818
158
20137
174
19545
191
181
213
267
14297
211
19622
150
432
387
452
27731
342
306
2077
170
6860
2152
309
10530
275
8818
10534
10757
10788
7200
11014
11378
11528
11593
11815
11846
2044
11915
447
12385
11847
14945
11155
17747
10938
8998
17754
11284
1149
2080
14462
11173
17695
12267
11563
19817
19599
8928
7151
6781
417
11285
17750
20065
11686
1051
20175
14030
8987
1206
1188
1952
937
1259
1207
11939
1222
1396
1430
1055
1303
68
19748
1434
1499
18324
294
335
367
411
419
153
125
94
449
446
2052
8825
1506
12405
10882
11222
11337
9937
11537
7119
11813
11538
19781
11387
895
2022
1079
976
8702
1161
1267
19709
8981
1457
7189
1410
19616
1301
20458
19541
57
10570
100
98
201
12294
1346
124
1052
344
399
471
1452
6255
285
11596
8763
11396
10639
1043
8195
1753
1133
8751
11565
6
17688
1260
1373
204
1293
1583
1581
1505
1383
1757
332
245
1659
391
146
439
8918
10629
11632
960
967
2081
1066
986
1504
1070
1072
1097
10743
1183
1408
1442
1458
1524
1528
1312
66
12327
1228
214
1577
2034
1105
11377
14587
420
899
76
13931
1423
233
1580
352
7145
8768
246
1538
10809
8907
11889
10921
21883
10783
10784
8906
901
1082
488
1395
1148
1555
14839
2069
6996
20443
14
1653
17058
14213
121
1570
133
141
228
10891
2023
1037
2086
2078
8936
6681
17780
10929
427
11227
20446
10547
11005
14259
14095
90
17748
1541
14296
11550
17679
11372
8988
940
